Angles Cross-Sec Error
28.6  219.8  21.98
33.4  82.23  8.223
39.5  19.65  1.965
43.1  18.83  1.883
46.4  28.21  2.821
51.7  45.13  4.513
56.1  50.96  5.096
60.5  47.21  4.721
65  36.55  3.655
69.9  22.87  2.287
75.5  11.2  1.12
81.4  7.078  0.7078
86.9  9.628  0.9628
91.8  14.18  1.418
96.5  18.03  1.803
101  19.74  1.974
105.6  19.01  1.901
110.2  16.17  1.617
115  12.04  1.204
120.3  7.611  0.7611
125.7  4.516  0.4516
130.8  3.331  0.3331
135.7  3.52  0.352
140.8  4.527  0.4527
145.9  5.862  0.5862
150.6  7.216  0.7216
154.2  8.373  0.8373
