8 8 71.809648
9 8 77.756552
10 8 85.67097
11 8 91.231445
12 8 98.82284
13 8 104.061862
14 8 111.108194
15 8 115.452275
16 8 120.63496
17 8 122.372685
18 8 124.954604
5 9 35.42604
6 9 47.984754
7 9 57.746117
8 9 69.338624
9 9 77.684742
10 9 86.79018
11 9 93.921474
12 9 101.859516
13 9 108.115835
14 9 115.712816
15 9 120.95373
16 9 126.380896
17 9 129.41508
18 9 132.622776
19 9 134.681048
20 9 137.88062
5 10 34.34364
6 10 46.499062
7 10 56.483493
8 10 68.730056
9 10 78.106087
10 10 90.3224
11 10 97.688843
12 10 106.96558
13 10 113.418328
14 10 121.90655
15 10 127.596985
16 10 134.03056
17 10 137.847038
18 10 142.990228
19 10 146.174273
20 10 150.69062
21 10 153.07489
6 11 43.97648
7 11 54.415519
8 11 66.50308
9 11 76.686464
10 11 88.65547
11 11 98.072337
12 11 108.337916
13 11 115.825344
14 11 124.419558
15 11 131.063015
16 11 138.311136
17 11 143.587488
18 11 149.278718
19 11 153.537392
20 11 158.97354
21 11 162.617501
22 11 166.978372
23 11 169.388051
7 12 53.314175
8 12 65.8242
9 12 75.945279
10 12 88.62761
11 12 98.912265
12 12 111.128508
13 12 118.905526
14 12 128.67418
15 12 135.95778
16 12 144.358608
17 12 149.924434
18 12 156.981108
19 12 161.514572
20 12 168.0768
21 12 172.365555
22 12 178.10858
23 12 181.193359
24 12 185.866056
25 12 188.377775
10 13 86.35727
11 13 97.145402
12 13 109.253632
13 13 118.946945
14 13 129.641742
15 13 137.64841
16 13 146.575424
17 13 153.439176
18 13 161.059306
19 13 166.906536
20 13 173.41232
21 13 178.068988
22 13 184.316728
23 13 188.340845
24 13 193.75156
25 13 197.427425
10 14 85.67232
11 14 96.28121
12 14 109.096496
13 14 119.616433
14 14 132.268416
15 14 140.729525
16 14 150.330464
17 14 157.790947
18 14 166.666424
19 14 172.860121
20 14 180.72282
21 14 185.560823
22 14 192.475418
23 14 196.916769
24 14 203.427896
25 14 207.274475
26 14 213.205604
27 14 216.731471
12 15 106.961256
13 15 117.797227
14 15 130.517304
15 15 140.30259
16 15 150.698672
17 15 158.89004
18 15 168.248508
19 15 175.515515
20 15 183.92498
21 15 189.465228
22 15 196.88621
23 15 202.387302
24 15 209.351256
25 15 214.5199
26 15 220.570326
27 15 224.732382
28 15 230.308016
12 16 105.74548
13 16 116.73076
14 16 129.717898
15 16 140.227
16 16 151.890064
17 16 160.45971
18 16 170.502964
19 16 178.21915
20 16 187.50778
21 16 193.658635
22 16 201.873204
23 16 207.918187
24 16 215.9038
25 16 221.740875
26 16 229.023902
27 16 233.723329
28 16 239.88842
29 16 244.572403
12 17 102.905984
14 17 127.168926
15 17 138.08606
16 17 149.87608
17 17 159.78249
18 17 170.365004
19 17 178.916689
20 17 188.40562
21 17 195.615101
22 17 203.876844
23 17 210.838595
24 17 218.911016
25 17 225.64715
26 17 233.420516
27 17 239.272964
28 17 246.084744
29 17 251.42092
12 18 100.850448
14 18 125.800112
15 18 136.934325
16 18 149.162752
17 18 159.566837
18 18 171.358362
19 18 180.015641
20 18 190.2856
21 18 197.814558
22 18 207.095698
23 18 214.290556
24 18 223.334712
25 18 230.205925
26 18 238.83984
27 18 245.338704
28 18 253.547732
29 18 259.030716
30 18 265.26396
16 19 146.45344
17 19 157.417723
18 19 169.117246
19 19 179.323102
20 19 190.1405
21 19 198.29989
22 19 207.673584
23 19 215.678888
24 19 224.82928
25 19 232.667525
26 19 241.421524
27 19 248.987134
28 19 257.416612
29 19 263.592728
30 19 270.16822
31 19 275.946042
32 19 282.083168
33 19 286.795957
34 19 291.776832
16 20 145.054064
17 20 156.058752
18 20 168.320774
19 20 179.02373
20 20 191.02606
21 20 199.480826
22 20 209.564386
23 20 217.815249
24 20 227.7962
25 20 235.763625
26 20 245.393454
27 20 253.262423
28 20 262.667208
29 20 269.250476
30 20 276.50489
31 20 282.784303
32 20 289.740192
33 20 294.909041
34 20 300.414864
18 21 165.242208
19 21 176.299711
20 21 188.38396
21 21 198.343593
22 21 208.67815
23 21 217.819717
24 21 227.854344
25 21 236.5503
26 21 246.29234
27 21 254.717508
28 21 264.215168
29 21 271.376691
30 21 278.90388
31 21 285.526875
32 21 292.853472
33 21 298.024473
34 21 303.91247
35 21 308.76048
36 21 314.451588
18 22 163.521148
19 22 174.653372
20 22 187.18494
21 22 197.411572
22 22 209.73744
23 22 218.781606
24 22 229.754824
25 22 238.530675
26 22 248.798156
27 22 257.201239
28 22 267.160104
29 22 274.560652
30 22 282.75001
31 22 289.535394
32 22 297.11792
33 22 303.02734
34 22 309.84774
35 22 314.75295
20 23 184.39024
21 23 195.419723
22 23 207.360638
23 23 218.18099
24 23 228.9734
25 23 238.576525
26 23 248.755608
27 23 257.789786
28 23 267.778772
29 23 275.722878
30 23 284.3039
31 23 291.523333
32 23 299.406144
33 23 305.948303
34 23 313.183778
35 23 319.01803
36 23 325.67198
37 23 331.04165
38 23 337.504682
21 24 193.842288
22 24 206.684106
23 24 217.365485
24 24 229.734456
25 24 239.332275
26 24 250.226832
27 24 259.224135
28 24 269.727692
29 24 278.045742
30 24 287.33865
31 24 294.689644
32 24 303.144256
33 24 309.892002
34 24 317.895932
35 24 323.883045
36 24 331.30338
37 24 337.013488
38 24 344.266622
39 24 349.448292
40 24 356.04232
22 25 203.976842
23 25 215.306255
24 25 227.558296
25 25 238.3174
26 25 249.478072
27 25 259.098883
28 25 269.5569
29 25 278.400985
30 25 287.95066
31 25 295.888323
32 25 304.574816
33 25 311.989219
34 25 320.151314
35 25 326.98483
36 25 334.56094
37 25 340.924463
38 25 348.193838
39 25 354.059263
40 25 361.02724
41 25 366.603718
23 26 213.710153
24 26 226.496624
25 26 237.518975
26 26 249.848924
27 26 259.517573
28 26 270.618696
29 26 279.651255
30 26 289.71062
31 26 297.878649
32 26 307.352
33 26 314.907443
34 26 323.698934
35 26 330.63188
36 26 338.943752
37 26 345.367313
38 26 353.270744
39 26 359.307494
40 26 366.86896
41 26 372.387229
42 26 379.291316
24 27 223.638096
25 27 235.14715
26 27 247.419108
27 27 258.368859
28 27 269.749304
29 27 279.150244
30 27 289.25646
31 27 297.908039
32 27 307.57712
33 27 315.643278
34 27 324.709032
35 27 332.24662
36 27 340.84062
37 27 347.99424
38 27 355.961592
39 27 362.631699
40 27 370.26964
41 27 376.499006
42 27 383.74233
44 27 396.544296
25 28 233.42685
26 28 246.218832
27 28 257.42764
28 28 269.997812
29 28 279.457057
30 28 289.96177
31 28 298.834228
32 28 308.984768
33 28 317.245825
34 28 327.014802
35 28 334.722255
36 28 343.988596
37 28 351.24088
38 28 360.101304
39 28 367.13425
40 28 375.29864
41 28 381.547059
42 28 389.380222
43 28 395.355708
44 28 402.889284
45 28 408.59434
26 29 243.083896
27 29 254.618129
28 29 267.091336
29 29 277.558043
30 29 288.26
31 29 297.633662
32 29 307.896448
33 29 316.696673
34 29 326.572692
35 29 334.867625
36 29 344.255456
37 29 352.064464
38 29 361.023404
39 29 368.37371
40 29 376.80816
41 29 383.521465
42 29 391.670924
43 29 398.220575
44 29 406.017036
45 29 412.47029
46 29 419.774324
47 29 425.845769
49 29 438.195325
28 30 265.086432
29 30 275.739533
30 30 287.4915
31 30 296.919579
32 30 307.738976
33 30 316.647405
34 30 327.02077
35 30 335.349275
36 30 345.346752
37 30 353.163624
38 30 362.71584
39 30 370.186431
40 30 379.19232
41 30 386.250681
42 30 395.05581
43 30 401.878835
44 30 410.281176
45 30 416.662365
46 30 424.784558
47 30 430.910141
48 30 438.354192
49 30 444.078518
50 30 451.17725
51 30 455.948175
52 30 461.658084
30 31 284.39293
31 31 295.077902
32 31 305.685632
33 31 315.183823
34 31 325.51344
35 31 334.427635
36 31 344.471116
37 31 352.945066
38 31 362.534002
39 31 370.66192
40 31 379.70416
41 31 387.170649
42 31 396.142666
43 31 403.516181
44 31 412.075552
45 31 419.10367
46 31 427.21594
47 31 434.124969
48 31 441.691024
49 31 447.914246
50 31 455.16785
51 31 460.473499
52 31 466.3739
31 32 292.980196
32 32 304.922336
33 32 314.316914
34 32 325.264858
35 32 334.149995
36 32 344.772896
37 32 353.195631
38 32 363.4246
39 32 371.429051
40 32 381.2698
41 32 388.907009
42 32 398.4584
43 32 405.911187
44 32 415.030384
45 32 422.19626
46 32 430.896498
47 32 437.821547
48 32 446.12336
49 32 452.452242
50 32 460.1878
51 32 465.721595
52 32 472.207248
53 32 477.293704
54 32 483.149966
32 33 301.679488
33 33 312.457299
34 33 323.039312
35 33 332.521075
36 33 343.025556
37 33 352.001642
38 33 362.229416
39 33 370.754742
40 33 380.58436
41 33 388.880041
42 33 398.436708
43 33 406.361088
44 33 415.623032
45 33 423.324375
46 33 432.124336
47 33 439.61016
48 33 448.106688
49 33 454.959286
50 33 462.98265
51 33 468.944838
52 33 475.571168
53 33 481.206213
54 33 487.347954
33 34 310.194622
34 34 322.219598
35 34 331.629745
36 34 342.737188
37 34 351.68422
38 34 362.490582
39 34 371.020762
40 34 381.5086
41 34 389.835433
42 34 399.882034
43 34 407.87167
44 34 417.583464
45 34 425.30164
46 34 434.697398
47 34 442.241953
48 34 451.273408
49 34 458.269195
50 34 466.93965
51 34 473.125504
52 34 480.254744
53 34 486.041823
54 34 492.730216
55 34 497.940345
56 34 504.162896
57 34 509.085709
34 35 318.726668
35 35 329.51786
36 35 340.332632
37 35 349.918544
38 35 360.587914
39 35 369.758879
40 35 380.10596
41 35 389.071162
42 35 399.005852
43 35 407.464237
44 35 417.254136
45 35 425.494385
46 35 435.013516
47 35 443.077218
48 35 452.282432
49 35 459.895121
50 35 468.6796
51 35 475.250615
52 35 482.50732
53 35 488.878591
54 35 495.662066
55 35 501.30023
56 35 507.747688
57 35 512.939927
58 35 519.044684
35 36 327.44955
36 36 339.455484
37 36 349.026808
38 36 360.255444
39 36 369.584121
40 36 380.35228
41 36 389.290276
42 36 399.771996
43 36 408.255816
44 36 418.488832
45 36 426.7269
46 36 436.69105
47 36 444.699263
48 36 454.437408
49 36 462.229538
50 36 471.60145
51 36 478.439433
52 36 486.156148
53 36 492.585195
54 36 499.927986
55 36 505.796305
56 36 512.709744
57 36 518.112156
58 36 524.611198
59 36 529.593705
60 36 535.85106
61 36 540.461704
37 37 347.123344
38 37 358.03445
39 37 367.962385
40 37 378.49356
41 37 387.89235
42 37 398.247964
43 37 407.302025
44 37 417.402572
45 37 426.134215
46 37 436.060028
47 37 444.782528
48 37 454.477168
49 37 463.148149
50 37 472.54915
51 37 479.736865
52 37 487.537828
53 37 494.470136
54 37 501.808294
55 37 508.31821
56 37 515.29152
57 37 521.087548
58 37 527.692064
59 37 533.124864
60 37 539.57116
61 37 545.174469
62 37 551.3086
63 37 556.39216
37 38 344.970907
38 38 356.969302
39 38 367.000802
40 38 378.00384
41 38 387.47662
42 38 398.301032
43 38 407.256222
44 38 417.971592
45 38 426.728315
46 38 437.165552
47 38 445.758746
48 38 456.005888
49 38 464.556564
50 38 474.62975
51 38 482.002022
52 38 490.190544
53 38 497.185375
54 38 505.040924
55 38 511.703285
56 38 519.254704
57 38 525.299327
58 38 532.23337
59 38 537.839504
60 38 544.7447
61 38 550.555672
62 38 557.078508
63 38 562.45862
64 38 568.63808
40 39 375.67868
41 39 385.625275
42 39 396.247884
43 39 405.758825
44 39 416.240864
45 39 425.4501
46 39 435.894808
47 39 445.006116
48 39 455.392512
49 39 464.444411
50 39 474.6989
51 39 482.360595
52 39 490.616932
53 39 498.064217
54 39 506.04087
55 39 513.25433
56 39 520.878488
57 39 527.460816
58 39 534.408276
59 39 540.362943
60 39 547.6053
61 39 553.808036
62 39 560.630242
63 39 566.431086
64 39 572.928832
66 39 584.75532
41 40 384.168678
42 40 395.558392
43 40 405.001157
44 40 416.157276
45 40 425.381755
46 40 436.246346
47 40 445.311738
48 40 455.969584
49 40 464.994591
50 40 475.49845
51 40 483.359014
52 40 492.019256
53 40 499.59586
54 40 508.007254
55 40 515.39756
56 40 523.578312
57 40 530.415403
58 40 537.723984
59 40 543.816576
60 40 551.32918
61 40 557.639412
62 40 564.91401
63 40 570.831385
64 40 577.752128
65 40 583.312835
66 40 589.6777
67 40 595.233891
42 41 392.888768
43 41 402.984836
44 41 413.843284
45 41 423.59999
46 41 434.380822
47 41 443.903928
48 41 454.606976
49 41 464.035424
50 41 474.54485
51 41 482.780972
52 41 491.537568
53 41 499.391753
54 41 507.949448
55 41 515.58873
56 41 523.897408
57 41 530.989157
58 41 538.58113
59 41 545.363211
60 41 553.0901
61 41 559.800608
62 41 567.276522
63 41 573.567917
64 41 580.628288
65 41 586.562615
66 41 593.227874
67 41 598.819555
68 41 605.20484
69 41 610.61294
43 42 401.537233
44 42 413.127196
45 42 422.80908
46 42 434.099768
47 42 443.614248
48 42 454.657344
49 42 464.067772
50 42 474.8865
51 42 483.221859
52 42 492.441316
53 42 500.38216
54 42 509.315298
55 42 516.93006
56 42 525.569408
57 42 532.644429
58 42 541.070396
59 42 547.801985
60 42 556.107
61 42 562.838008
62 42 570.73383
63 42 577.180149
64 42 584.693184
65 42 590.7482
66 42 597.866454
67 42 603.558959
68 42 610.436072
69 42 615.755148
44 43 410.300736
45 43 420.54811
46 43 431.72645
47 43 441.717873
48 43 452.75944
49 43 462.613607
50 43 473.42885
51 43 482.045536
52 43 491.37988
53 43 499.587898
54 43 508.68115
55 43 516.55022
56 43 525.36216
57 43 532.921726
58 43 541.401888
59 43 548.66835
60 43 556.96618
61 43 564.010089
62 43 572.147866
63 43 578.913028
64 43 586.545408
65 43 593.08304
66 43 600.315748
67 43 606.554353
68 43 613.526052
69 43 619.399849
70 43 626.06248
71 43 631.608389
72 43 638.333944
46 44 430.849328
47 44 440.817616
48 44 452.229104
49 44 462.041638
50 44 473.18305
51 44 481.96097
52 44 491.689424
53 44 500.026787
54 44 509.496902
55 44 517.47916
56 44 526.684104
57 44 534.277805
58 44 543.230766
59 44 550.477535
60 44 559.24394
61 44 566.2759
62 44 574.77828
63 44 581.602058
64 44 589.7424
65 44 596.254755
66 44 604.096526
67 44 610.348119
68 44 617.868456
69 44 623.785472
70 44 630.9738
71 44 636.675837
72 44 643.535576
73 44 648.846026
47 45 438.55074
48 45 449.8716
49 45 460.147698
50 45 471.2685
51 45 480.268323
52 45 490.114488
53 45 498.722559
54 45 508.328802
55 45 516.63446
56 45 525.940096
57 45 533.887917
58 45 542.883136
59 45 550.567991
60 45 559.36224
61 45 566.789791
62 45 575.354386
63 45 582.55821
64 45 590.801088
65 45 597.77651
66 45 605.711646
67 45 612.41429
68 45 620.063828
69 45 626.437056
70 45 633.74606
71 45 639.810665
72 45 646.868232
73 45 652.568634
74 45 659.451156
76 45 671.638164
48 46 448.800736
49 46 459.02002
50 46 470.501
51 46 479.62393
52 46 489.762748
53 46 498.51029
54 46 508.432564
55 46 516.84752
56 46 526.49624
57 46 534.548083
58 46 543.921184
59 46 551.66835
60 46 560.79952
61 46 568.214534
62 46 577.155426
63 46 584.327566
64 46 593.018368
65 46 599.913685
66 46 608.367784
67 46 615.003128
68 46 623.18468
69 46 629.583922
70 46 637.4496
71 46 643.601959
72 46 651.175984
73 46 656.934372
74 46 664.42429
75 46 670.06435
76 46 677.2541
77 46 682.792387
49 47 456.65421
50 47 468.12025
51 47 477.525986
52 47 487.688248
53 47 496.704682
54 47 506.677484
55 47 515.44402
56 47 525.108456
57 47 533.562488
58 47 542.92146
59 47 551.133701
60 47 560.234
61 47 568.063525
62 47 576.97073
63 47 584.522804
64 47 593.226368
65 47 600.5452
66 47 609.06029
67 47 616.083126
68 47 624.35774
69 47 631.147583
70 47 639.16164
71 47 645.806119
72 47 653.471264
73 47 659.858871
74 47 667.29242
75 47 673.45685
76 47 680.673028
77 47 686.766435
78 47 693.878492
50 48 466.91475
51 48 476.317023
52 48 486.762324
53 48 495.869345
54 48 506.143074
55 48 514.93647
56 48 524.986832
57 48 533.460564
58 48 543.264784
59 48 551.467709
60 48 561.00114
61 48 568.864604
62 48 578.17905
63 48 585.835977
64 48 594.86272
65 48 602.254155
66 48 611.079858
67 48 618.218508
68 48 626.8398
69 48 633.739137
70 48 642.14838
71 48 648.762098
72 48 656.977656
73 48 663.462708
74 48 671.395684
75 48 677.654625
76 48 685.41466
77 48 691.541437
78 48 699.046266
79 48 705.038655
80 48 712.26112
81 48 717.791754
82 48 724.712052
83 48 729.112525
51 49 473.885947
53 49 493.594263
54 49 503.880934
55 49 512.938035
56 49 523.023424
57 49 531.79684
58 49 541.653218
59 49 550.219809
60 49 559.78612
61 49 568.043388
62 49 577.381484
63 49 585.424021
64 49 594.467456
65 49 602.278245
66 49 611.092036
67 49 618.608339
68 49 627.26282
69 49 634.511023
70 49 643.03001
71 49 650.104602
72 49 658.399864
73 49 665.274614
74 49 673.408004
75 49 680.075725
76 49 688.042352
77 49 694.592409
78 49 702.246022
79 49 708.73611
80 49 716.1024
81 49 722.433676
82 49 729.432638
83 49 734.058345
50 50 462.6487
51 50 472.336202
52 50 482.87036
53 50 492.113121
54 50 502.731194
55 50 511.84754
56 50 522.194128
57 50 531.051158
58 50 541.203566
59 50 549.760562
60 50 559.76522
61 50 568.08093
62 50 577.844316
63 50 585.929093
64 50 595.444224
65 50 603.414485
66 50 612.525656
67 50 620.143937
68 50 629.124244
69 50 636.461981
70 50 645.31444
71 50 652.449271
72 50 661.129304
73 50 668.108739
74 50 676.589154
75 50 683.41625
76 50 691.707748
77 50 698.382889
78 50 706.524362
79 50 713.032622
80 50 720.94528
81 50 727.363877
82 50 735.099504
83 50 739.737304
84 50 745.114364
85 50 749.608395
53 51 488.602132
54 51 499.253568
55 51 508.71066
56 51 519.089104
57 51 528.241962
58 51 538.47927
59 51 547.348179
60 51 557.4072
61 51 566.061552
62 51 575.84705
63 51 584.138634
64 51 593.77856
65 51 601.928365
66 51 611.201202
67 51 619.087305
68 51 628.17788
69 51 635.818815
70 51 644.74462
71 51 652.251501
72 51 661.007616
73 51 668.29968
74 51 676.90458
75 51 684.02355
76 51 692.42632
77 51 699.399675
78 51 707.608524
79 51 714.391677
80 51 722.40416
81 51 729.159864
82 51 736.907778
83 51 742.05385
84 51 747.527076
85 51 752.44142
86 51 757.788936
87 51 762.232917
53 52 485.902308
54 52 496.785418
55 52 506.129445
56 52 517.008376
57 52 526.20181
58 52 536.77067
59 52 545.698017
60 52 556.03912
61 52 564.682796
62 52 574.832236
63 52 583.16245
64 52 593.163968
65 52 601.309735
66 52 611.003236
67 52 618.958422
68 52 628.438312
69 52 636.214927
70 52 645.4698
71 52 653.053766
72 52 662.076088
73 52 669.437285
74 52 678.280352
75 52 685.45885
76 52 694.105152
77 52 701.141493
78 52 709.565272
79 52 716.487407
80 52 724.6788
81 52 731.511025
82 52 739.458726
83 52 744.696254
84 52 750.832036
85 52 755.819975
86 52 761.721708
87 52 766.424077
88 52 772.266536
55 53 502.61862
56 53 513.320896
57 53 522.910451
58 53 533.410172
59 53 542.692861
60 53 553.02512
62 53 572.222968
63 53 581.059826
64 53 590.882176
65 53 599.3978
66 53 609.168074
67 53 617.389374
68 53 627.019144
69 53 635.154587
70 53 644.44386
71 53 652.345719
72 53 661.4216
73 53 669.115912
74 53 677.966038
75 53 685.4627
76 53 694.13524
77 53 701.4247
78 53 709.939166
79 53 717.110498
80 53 725.40848
81 53 732.514751
82 53 740.55032
83 53 746.159809
84 53 752.384168
85 53 757.85774
86 53 763.842374
87 53 768.964151
88 53 774.79844
89 53 779.686691
55 54 499.90183
56 54 510.91968
57 54 520.303662
58 54 531.343712
59 54 540.627693
60 54 551.3523
61 54 560.35917
62 54 570.883708
63 54 579.690711
64 54 589.998784
65 54 598.598665
66 54 608.666046
67 54 617.056744
68 54 626.877152
69 54 635.043963
70 54 644.62955
71 54 652.59319
72 54 661.934952
73 54 669.690103
74 54 678.804052
75 54 686.35425
76 54 695.267556
77 54 702.627672
78 54 711.354516
79 54 718.599113
80 54 727.09592
81 54 734.276556
82 54 742.487416
83 54 748.235738
84 54 754.95396
85 54 760.48515
86 54 767.016282
87 54 772.216668
88 54 778.518872
89 54 783.522765
90 54 789.55956
91 54 794.292917
92 54 800.15818
57 55 516.724795
58 55 527.620076
59 55 537.238742
62 55 567.855568
63 55 577.043452
64 55 587.309376
65 55 596.3512
66 55 606.292324
67 55 615.063117
68 55 624.865772
69 55 633.456808
70 55 642.98516
71 55 651.348028
72 55 660.632464
73 55 668.673989
74 55 677.787478
75 55 685.6588
76 55 694.544256
77 55 702.230199
78 55 710.978284
79 55 718.493034
80 55 727.10688
81 55 734.57137
82 55 742.894392
83 55 748.891786
84 55 755.756392
85 55 761.717625
86 55 768.314616
87 55 774.044299
88 55 780.44296
89 55 785.858121
90 55 791.98597
91 55 797.144676
92 55 803.1256
93 55 808.071778
58 56 525.201788
61 56 555.465133
63 56 575.493464
64 56 585.938816
65 56 595.103955
66 56 605.367896
67 56 614.123936
68 56 624.19576
69 56 632.714282
70 56 642.58026
71 56 650.870305
72 56 660.51632
73 56 668.550154
74 56 678.010626
75 56 685.894025
76 56 695.1125
77 56 702.815862
78 56 711.837338
79 56 719.405107
80 56 728.2204
81 56 735.737987
82 56 744.26044
83 56 750.462411
84 56 757.66544
85 56 763.71663
86 56 770.743506
87 56 776.532869
88 56 783.359952
89 56 788.897022
90 56 795.44738
91 56 800.67484
92 56 807.128572
93 56 812.442749
67 57 611.645564
68 57 621.715724
69 57 630.557394
70 57 640.3478
71 57 648.94049
72 57 658.635744
73 57 667.001943
74 57 676.407158
75 57 684.5817
76 57 693.791916
77 57 701.835576
78 57 710.85801
79 57 718.70795
80 57 727.55032
81 57 735.385125
82 57 743.99805
83 57 750.468901
84 57 757.830228
85 57 764.27038
86 57 771.326922
87 57 777.484236
88 57 784.415656
89 57 790.255692
90 57 796.93977
91 57 802.628156
92 57 809.209572
93 57 814.784925
94 57 821.130042
68 58 620.581476
69 58 629.374579
70 58 639.48475
71 58 648.07674
72 58 657.991552
73 58 666.337908
74 58 676.073012
75 58 684.237175
76 58 693.798596
77 58 701.872768
78 58 711.15328
79 58 719.012592
80 58 728.16616
81 58 736.001995
82 58 744.857994
83 58 751.498864
84 58 759.153964
85 58 765.59763
86 58 773.06936
87 58 779.219125
88 58 786.514424
89 58 792.474903
90 58 799.63483
91 58 805.494839
92 58 812.503224
93 58 818.393761
69 59 626.794997
70 59 636.8066
71 59 645.726676
72 59 655.602296
73 59 664.282201
74 59 673.959092
75 59 682.466075
76 59 691.998528
77 59 700.410616
78 59 709.653068
79 59 717.801145
80 59 726.95592
81 59 735.068849
82 59 744.027344
83 59 750.91373
84 59 758.671952
85 59 765.4809
86 59 772.982922
87 59 779.392712
88 59 786.807432
89 59 793.20906
90 59 800.44727
91 59 806.922721
92 59 814.125052
93 59 820.400672
94 59 827.171384
95 59 833.14474
96 59 839.579744
70 60 635.57591
71 60 644.351584
72 60 654.49032
73 60 663.142863
74 60 673.129812
75 60 681.611475
76 60 691.446912
77 60 699.838661
78 60 709.389156
79 60 717.567718
80 60 727.03
81 60 735.176715
82 60 744.37446
83 60 751.430504
84 60 759.461448
85 60 766.280895
86 60 774.151912
87 60 780.673461
88 60 788.391576
89 60 794.734338
90 60 802.46193
91 60 808.954752
92 60 816.60846
93 60 823.026126
94 60 830.230548
95 60 836.17888
96 60 843.174336
97 60 848.800023
72 61 651.708376
73 61 660.565425
74 61 670.517058
75 61 679.279
76 61 689.037476
77 61 697.677888
78 61 707.272354
79 61 715.839453
80 61 725.3152
81 61 733.839622
82 61 743.054106
83 61 750.339568
84 61 758.423188
85 61 765.53559
86 61 773.455992
87 61 780.335662
88 61 788.014288
89 61 794.69909
90 61 802.7143
91 61 809.577557
92 61 817.345984
93 61 824.18683
94 61 831.357824
95 61 837.786975
96 61 844.75792
97 61 850.895638
98 61 857.432182
73 62 658.966698
74 62 669.237784
75 62 678.03545
76 62 688.082528
77 62 696.717006
78 62 706.57796
79 62 715.001755
80 62 724.87776
81 62 733.342742
82 62 742.901678
83 62 750.320079
84 62 758.683988
85 62 765.848875
86 62 774.048438
87 62 780.921542
88 62 789.022648
89 62 795.713419
90 62 803.96549
91 62 810.796594
92 62 818.86882
93 62 825.643739
94 62 833.270282
95 62 839.770985
96 62 847.020512
97 62 853.277015
98 62 860.17325
99 62 866.082059
74 63 666.142402
75 63 675.1215
76 63 685.228568
77 63 694.225364
78 63 703.979352
79 63 712.887733
80 63 722.66536
81 63 731.588013
82 63 741.080468
83 63 748.740356
84 63 757.137444
85 63 764.575295
86 63 772.805644
87 63 779.997102
88 63 788.058136
89 63 795.165887
90 63 803.58291
91 63 810.755918
92 63 818.934008
93 63 826.029381
94 63 833.78073
95 63 840.578325
96 63 847.962912
97 63 854.522037
98 63 861.60004
99 63 867.814362
100 63 874.5471
76 64 683.7781
77 64 692.674816
78 64 702.839968
79 64 711.667122
80 64 721.75496
81 64 730.544626
82 64 740.459492
83 64 748.196888
84 64 756.860392
85 64 764.35614
86 64 772.864374
87 64 780.100741
88 64 788.539288
89 64 795.617202
90 64 804.23164
91 64 811.405841
92 64 819.809624
93 64 826.925872
94 64 834.970986
95 64 841.82333
96 64 849.569344
97 64 856.217527
98 64 863.58543
99 64 869.889403
75 65 670.1504
76 65 680.4081
77 65 689.586039
78 65 699.780926
79 65 708.951673
80 65 719.27688
81 65 728.158826
82 65 737.943168
83 65 745.958643
84 65 754.62446
85 65 762.53873
86 65 770.963078
87 65 778.574348
88 65 787.044224
89 65 794.503274
90 65 803.26226
91 65 810.712149
92 65 819.228696
93 65 826.591229
94 65 834.7472
95 65 841.859175
96 65 849.749984
97 65 856.79354
98 65 864.252034
99 65 870.836735
101 65 884.48168
77 66 687.779004
78 66 698.235942
79 66 707.234152
80 66 717.68896
81 66 726.698127
82 66 736.837326
83 66 744.866047
84 66 753.888516
85 66 761.69763
86 66 770.590776
87 66 778.160163
88 66 786.995352
89 66 794.407506
90 66 803.31897
91 66 810.801057
92 66 819.49196
93 66 826.887219
94 66 835.301076
95 66 842.46445
96 66 850.651872
97 66 857.693145
98 66 865.553972
99 66 872.246991
100 66 879.728
101 66 886.220192
102 66 893.478672
103 66 899.760589
77 67 684.316469
78 67 694.789084
79 67 703.996118
80 67 714.52296
81 67 723.827299
82 67 733.927238
83 67 742.191886
84 67 751.224184
85 67 759.318115
86 67 768.212782
87 67 776.109247
88 67 785.009864
89 67 792.799094
90 67 801.68224
91 67 809.420861
92 67 818.18966
93 67 825.749986
94 67 834.333186
95 67 841.76471
96 67 850.068928
97 67 857.349113
98 67 865.402472
99 67 872.414401
100 67 880.0379
101 67 886.798517
102 67 894.124936
103 67 900.660988
104 67 907.695232
78 68 692.819936
79 68 702.091525
80 68 712.77536
81 68 722.071355
82 68 732.37999
83 68 740.704376
84 68 750.025316
85 68 758.100295
86 68 767.385712
87 68 775.261628
88 68 784.487904
89 68 792.137375
90 68 801.31334
91 68 808.992343
92 68 817.958332
93 68 825.565352
94 68 834.325318
95 68 841.750395
96 68 850.30592
97 68 857.573792
98 68 865.911982
99 68 873.042854
100 68 880.9601
101 68 887.818919
102 68 895.419818
103 68 902.067838
104 68 909.40264
78 69 689.007726
79 69 698.5115
82 69 729.105248
83 69 737.684354
84 69 746.985924
85 69 755.30768
86 69 764.60025
87 69 772.795461
88 69 781.925664
89 69 790.006711
90 69 799.14786
91 69 807.084438
92 69 816.08508
93 69 823.935684
94 69 832.748026
95 69 840.364185
96 69 849.052416
97 69 856.537762
98 69 865.01333
99 69 872.380446
100 69 880.4473
101 69 887.657217
102 69 895.393086
103 69 902.377223
104 69 909.784152
105 69 916.41741
106 69 923.547196
107 69 929.827947
81 70 716.684155
82 70 727.265752
84 70 745.354876
85 70 753.724955
86 70 763.307146
87 70 771.460729
88 70 780.969864
89 70 788.948586
90 70 798.33013
91 70 806.227947
92 70 815.43598
93 70 823.219834
94 70 832.287924
95 70 839.959705
96 70 848.797216
97 70 856.301885
98 70 864.966004
99 70 872.348668
100 70 880.6609
101 70 887.886082
102 70 895.937758
103 70 903.004981
104 70 910.720088
105 70 917.447125
106 70 924.79301
107 70 931.347111
108 70 938.626828
82 71 723.64374
84 71 741.944624
85 71 750.60679
86 71 760.145262
87 71 768.615416
88 71 778.0448
89 71 786.412082
90 71 795.75029
91 71 803.964869
92 71 813.134928
93 71 821.119772
94 71 830.21403
95 71 838.046625
96 71 846.970016
97 71 854.796084
98 71 863.46083
99 71 871.085132
100 71 879.4661
101 71 886.901432
102 71 895.06106
103 71 902.359659
104 71 910.19056
105 71 917.1971
106 71 924.665488
107 71 931.499778
108 71 938.787884
109 71 945.402142
110 71 952.31219
112 71 965.298944
84 72 740.0226
86 72 758.389736
87 72 766.83072
88 72 776.56144
89 72 784.811413
90 72 794.4408
91 72 802.545452
92 72 812.030888
93 72 819.987096
94 72 829.305172
95 72 837.14748
96 72 846.293088
97 72 853.992466
98 72 862.94575
99 72 870.540732
100 72 879.1743
101 72 886.667616
102 72 894.990366
103 72 902.258383
104 72 910.381336
105 72 917.442675
106 72 925.240852
107 72 932.124422
108 72 939.77244
109 72 946.398218
110 72 953.63207
111 72 960.002997
112 72 966.960864
113 72 973.05861
114 72 979.930428
84 73 736.267612
86 73 754.87035
87 73 763.62949
88 73 773.255776
89 73 781.825815
90 73 791.3701
91 73 799.816727
92 73 809.280968
93 73 817.462303
94 73 826.772934
95 73 834.84566
96 73 843.971872
97 73 851.938712
98 73 860.899518
99 73 868.732795
100 73 877.4064
101 73 885.085652
102 73 893.53339
103 73 900.98301
104 73 909.246008
106 73 924.56001
107 73 931.769267
108 73 939.5272
109 73 946.376452
110 73 953.74085
111 73 960.306472
112 73 967.47232
113 73 973.817355
114 73 980.806168
115 73 986.826915
86 74 752.778392
88 74 771.296248
89 74 779.796878
90 74 789.63068
91 74 797.993088
92 74 807.690616
93 74 815.836169
94 74 825.429702
95 74 833.481015
96 74 842.859008
97 74 850.787155
98 74 859.97715
99 74 867.814967
100 74 876.7256
101 74 884.435312
102 74 893.071424
103 74 900.578605
104 74 909.042728
105 74 916.444505
106 74 924.696852
107 74 931.920436
108 74 939.977264
109 74 946.907098
110 74 954.55847
111 74 961.212677
112 74 968.723312
113 74 975.188108
114 74 982.471928
115 74 988.64721
116 74 995.918468
117 74 1001.977895
86 75 748.922832
88 75 767.63612
89 75 776.413628
90 75 786.13698
91 75 794.807907
93 75 812.96616
94 75 822.43113
95 75 830.731175
96 75 840.063552
97 75 848.252184
98 75 857.422788
99 75 865.524306
100 75 874.4816
101 75 882.39097
102 75 891.124644
103 75 898.810171
104 75 907.391664
105 75 914.999055
106 75 923.439158
107 75 930.852875
108 75 939.108972
109 75 946.20975
110 75 954.01099
111 75 960.920859
112 75 968.530512
113 75 975.242411
114 75 982.646226
115 75 989.256095
116 75 996.499012
117 75 1002.837846
118 75 1010.024566
88 76 765.329608
90 76 783.97024
91 76 792.531634
92 76 802.426572
93 76 810.819412
94 76 820.586032
95 76 828.79938
96 76 838.447648
97 76 846.571201
98 76 856.027178
99 76 864.112171
100 76 873.2679
101 76 881.216036
102 76 890.155024
103 76 897.88644
104 76 906.6922
105 76 914.25973
106 76 922.911168
107 76 930.39607
108 76 938.777116
109 76 945.962136
110 76 954.11141
111 76 961.08958
112 76 969.072768
113 76 975.819226
114 76 983.679856
115 76 990.31532
116 76 998.0289
117 76 1004.54359
118 76 1011.978596
119 76 1018.211536
120 76 1025.46748
90 77 780.15425
91 77 788.97035
92 77 798.794832
94 77 817.107966
95 77 825.624985
96 77 835.214432
97 77 843.540851
98 77 852.95518
99 77 861.231569
100 77 870.4632
101 77 878.591449
102 77 887.647448
103 77 895.606199
104 77 904.478392
105 77 912.26387
106 77 920.953238
107 77 928.634186
108 77 937.081976
109 77 944.427123
110 77 952.67348
111 77 959.98835
112 77 968.07424
113 77 975.090213
114 77 983.084882
115 77 989.984885
116 77 997.823428
117 77 1004.632979
118 77 1012.13997
119 77 1018.783612
120 77 1026.07988
122 77 1039.727132
90 78 777.62445
92 78 796.357712
93 78 804.945567
94 78 814.889218
95 78 823.3149
96 78 833.147232
97 78 841.346156
98 78 851.121216
99 78 859.356411
100 78 868.8252
101 78 876.978175
102 78 886.208322
103 78 894.184978
104 78 903.214416
105 78 911.00028
106 78 919.912844
107 78 927.556139
108 78 936.255372
109 78 943.587312
110 78 952.26922
111 78 959.495733
112 78 968.007216
113 78 975.076151
114 78 983.443974
115 78 990.38539
116 78 998.569156
117 78 1005.406584
118 78 1013.330422
119 78 1020.000549
120 78 1027.698
121 78 1034.1783
122 78 1041.702156
123 78 1047.957459
124 78 1055.31344
92 79 792.377752
93 79 801.252694
94 79 811.094278
96 79 829.48912
97 79 838.062151
98 79 847.698084
99 79 856.090402
100 79 865.5637
101 79 873.902118
102 79 883.15117
103 79 891.384278
104 79 900.450656
105 79 908.52037
106 79 917.40064
107 79 925.32078
108 79 934.082116
109 79 941.708077
110 79 950.41857
111 79 957.990574
112 79 966.564272
113 79 973.971526
114 79 982.354696
115 79 989.65901
116 79 997.879732
117 79 1005.038035
118 79 1013.047172
119 79 1020.119473
120 79 1027.83244
121 79 1034.717411
122 79 1042.21135
123 79 1048.966807
124 79 1056.227136
92 80 789.650372
94 80 808.479696
95 80 817.126945
96 80 827.13584
97 80 835.623404
98 80 845.513574
99 80 853.807364
100 80 863.611
101 80 871.807579
102 80 881.411144
103 80 889.516964
104 80 898.934168
105 80 906.82649
106 80 916.15556
107 80 923.907609
108 80 933.097616
109 80 940.764171
110 80 949.77187
111 80 957.3218
112 80 966.151392
113 80 973.600836
114 80 982.264058
115 80 989.580655
116 80 998.066804
117 80 1005.31088
118 80 1013.563136
119 80 1020.728201
120 80 1028.7074
121 80 1035.60476
122 80 1043.4157
123 80 1050.160286
124 80 1057.80758
125 80 1064.3415
126 80 1071.515672
127 80 1076.77347
128 80 1082.776448
95 81 813.255725
96 81 823.288032
98 81 841.821726
99 81 850.369491
100 81 860.1918
101 81 868.43236
102 81 878.198646
103 81 886.323113
104 81 895.8998
105 81 903.941175
106 81 913.361184
107 81 921.276671
108 81 930.55716
109 81 938.400976
110 81 947.48584
111 81 955.237776
112 81 964.158528
113 81 971.83776
114 81 980.542992
115 81 988.153235
116 81 996.646928
117 81 1004.1651
118 81 1012.477486
119 81 1019.874657
120 81 1027.95252
121 81 1035.232499
122 81 1043.098466
123 81 1050.242829
124 81 1057.920856
125 81 1064.965125
126 81 1072.216422
127 81 1077.592241
128 81 1083.674816
129 81 1088.952852
130 81 1094.97283
132 81 1106.03676
96 82 820.31968
97 82 829.042396
98 82 839.1186
99 82 847.676593
100 82 857.6332
101 82 865.977352
102 82 875.83795
103 82 884.053996
104 82 893.756088
105 82 901.882
106 82 911.433358
107 82 919.413993
108 82 928.841932
109 82 936.708567
110 82 946.01359
111 82 953.785009
112 82 962.926816
113 82 970.621604
114 82 979.560418
115 82 987.19743
116 82 995.960404
117 82 1003.461112
118 82 1012.05358
119 82 1019.467363
120 82 1027.858
121 82 1035.165037
122 82 1043.351704
123 82 1050.542713
124 82 1058.544888
125 82 1065.73325
126 82 1073.299078
127 82 1078.778296
128 82 1085.00352
129 82 1090.393903
130 82 1096.56147
131 82 1101.857532
132 82 1107.956008
133 82 1113.114021
101 83 861.975933
103 83 880.129463
104 83 889.853632
105 83 898.239845
106 83 907.785894
107 83 916.031594
108 83 925.471388
109 83 933.593272
110 83 942.88881
111 83 950.933975
112 83 960.044784
113 83 968.0047
114 83 976.946276
115 83 984.736735
116 83 993.544552
117 83 1001.274149
118 83 1009.867344
119 83 1017.452141
120 83 1025.897
121 83 1033.360015
122 83 1041.592552
123 83 1048.958852
124 83 1056.95862
125 83 1064.231625
126 83 1071.846362
127 83 1077.732834
128 83 1083.931072
129 83 1089.627377
130 83 1095.83273
131 83 1101.327845
132 83 1107.546644
133 83 1112.885367
134 83 1119.067632
135 83 1124.231645
102 84 868.987002
103 84 877.590589
104 84 887.363912
105 84 895.768755
106 84 905.442548
107 84 913.655102
108 84 923.2761
109 84 931.36055
110 84 940.82234
111 84 948.801555
112 84 958.133792
113 84 966.025455
114 84 975.201954
115 84 983.013075
116 84 991.98304
117 84 999.707637
118 84 1008.50699
119 84 1016.110697
120 84 1024.68996
121 84 1032.182136
122 84 1040.552834
123 84 1047.910779
124 84 1056.080392
125 84 1063.3985
126 84 1071.127596
127 84 1076.985568
128 84 1083.711104
129 84 1089.429096
130 84 1096.06508
131 84 1101.631056
132 84 1108.164108
133 84 1113.60088
134 84 1120.024752
135 84 1125.299955
136 84 1131.638464
137 84 1136.773897
138 84 1143.01269
106 85 901.509838
107 85 909.940789
108 85 919.527772
109 85 927.815141
110 85 937.29001
111 85 945.472777
112 85 954.793904
113 85 962.939149
114 85 972.089632
115 85 980.132285
116 85 989.121748
117 85 996.961297
118 85 1005.830464
119 85 1013.622688
120 85 1022.22484
121 85 1029.870003
122 85 1038.303608
123 85 1045.82188
124 85 1054.032348
125 85 1061.457875
126 85 1069.230604
127 85 1075.38918
128 85 1082.120384
129 85 1088.151214
130 85 1094.82154
131 85 1100.643262
132 85 1107.289312
133 85 1112.973758
134 85 1119.506264
135 85 1124.999905
136 85 1131.4486
137 85 1136.802019
138 85 1143.19159
139 85 1148.452165
107 86 907.316164
108 86 917.060108
109 86 925.341747
110 86 934.97857
111 86 943.155098
112 86 952.625088
113 86 960.705089
114 86 970.062248
115 86 978.03683
116 86 987.238916
117 86 995.112581
118 86 1004.107732
119 86 1011.905918
120 86 1020.68492
121 86 1028.347758
122 86 1036.900696
123 86 1044.437525
124 86 1052.78646
125 86 1060.242625
126 86 1068.144422
127 86 1074.337114
128 86 1081.469056
129 86 1087.532006
130 86 1094.62541
131 86 1100.516793
132 86 1107.515264
133 86 1113.262341
134 86 1120.112036
135 86 1125.688055
136 86 1132.451592
137 86 1137.909427
138 86 1144.563638
139 86 1149.955623
140 86 1156.4974
141 86 1161.83705
142 86 1168.27359
143 86 1173.603946
110 87 931.11393
111 87 939.391755
112 87 948.869008
113 87 957.137742
114 87 966.491304
115 87 974.68937
116 87 983.878128
117 87 991.958964
118 87 1000.990948
119 87 1008.88586
120 87 1017.74952
121 87 1025.585263
122 87 1034.169936
123 87 1041.858225
124 87 1050.27664
125 87 1057.855625
126 87 1065.824322
127 87 1072.23298
128 87 1079.41728
129 87 1085.776179
130 87 1092.91075
131 87 1099.199665
132 87 1106.194572
133 87 1112.395686
134 87 1119.236304
135 87 1125.277845
136 87 1131.978304
137 87 1137.840279
138 87 1144.48572
139 87 1150.124264
140 87 1156.7001
141 87 1162.317888
142 87 1168.803854
143 87 1174.329672
144 87 1180.608
145 87 1186.005315
146 87 1192.108894
113 88 954.64333
114 88 964.154752
115 88 972.292845
116 88 981.680704
117 88 989.718766
118 88 998.936636
119 88 1006.870638
120 88 1015.84204
121 88 1023.695057
122 88 1032.446896
123 88 1040.153701
124 88 1048.690992
125 88 1056.309
126 88 1064.395546
127 88 1070.893132
128 88 1078.380416
129 88 1084.771519
130 88 1092.24974
131 88 1098.540943
132 88 1105.943872
133 88 1112.250955
134 88 1119.356728
135 88 1125.516715
136 88 1132.469392
137 88 1138.459282
138 88 1145.350756
139 88 1151.114117
140 88 1157.93992
141 88 1163.616385
142 88 1170.311788
143 88 1175.921263
144 88 1182.401296
145 88 1187.90678
146 88 1194.175278
116 89 977.890716
117 89 986.141843
118 89 995.369682
119 89 1003.498935
120 89 1012.502
121 89 1020.445416
122 89 1029.277058
123 89 1037.151896
124 89 1045.725224
125 89 1053.479625
126 89 1061.646038
127 89 1068.329512
128 89 1075.923264
129 89 1082.580833
130 89 1090.07137
131 89 1096.697981
132 89 1104.151148
133 89 1110.812666
134 89 1118.005162
135 89 1124.469305
136 89 1131.53384
137 89 1137.825694
138 89 1144.797566
139 89 1150.848244
140 89 1157.65416
141 89 1163.62586
142 89 1170.340792
143 89 1176.146632
144 89 1182.707792
145 89 1188.408705
146 89 1194.731584
147 89 1200.208574
118 90 993.005856
120 90 1010.28912
121 90 1018.27449
122 90 1027.211564
123 90 1035.113058
124 90 1043.847308
125 90 1051.628125
126 90 1059.905412
127 90 1066.705438
128 90 1074.525056
129 90 1081.200525
130 90 1088.99657
131 90 1095.563991
132 90 1103.318856
133 90 1109.92912
134 90 1117.475016
135 90 1123.99497
136 90 1131.368184
137 90 1137.701746
138 90 1145.02104
139 90 1151.21635
140 90 1158.33944
141 90 1164.436638
142 90 1171.334686
143 90 1177.213699
144 90 1183.94712
145 90 1189.735825
146 90 1196.237328
147 90 1201.826121
121 91 1014.670803
122 91 1023.660964
123 91 1031.652709
124 91 1040.479904
125 91 1048.41425
126 91 1056.73708
127 91 1063.697572
128 91 1071.681472
130 91 1086.40662
132 91 1101.060172
133 91 1108.045813
134 91 1115.66048
135 91 1122.54985
136 91 1129.97064
137 91 1136.612359
138 91 1143.922612
139 91 1150.443405
140 91 1157.57964
141 91 1163.940346
142 91 1170.890972
143 91 1177.039669
144 91 1183.731472
145 91 1189.745765
146 91 1196.276064
147 91 1202.076568
123 92 1029.336752
124 92 1038.282068
126 92 1054.730594
127 92 1061.813783
129 92 1076.874236
130 92 1084.90932
131 92 1091.882914
132 92 1099.84178
133 92 1106.754888
134 92 1114.676744
135 92 1121.549015
136 92 1129.335376
137 92 1136.038777
138 92 1143.687236
139 92 1150.260793
140 92 1157.66558
141 92 1164.157796
142 92 1171.30153
143 92 1177.500702
144 92 1184.453696
145 92 1190.53479
146 92 1197.23825
147 92 1203.108467
148 92 1209.66196
126 93 1051.177458
132 93 1097.197524
134 93 1112.385034
135 93 1119.655155
136 93 1127.427696
137 93 1134.443312
138 93 1142.093664
140 93 1156.46534
141 93 1163.138817
142 93 1170.361952
143 93 1176.827602
144 93 1183.798416
145 93 1190.102045
146 93 1196.842782
147 93 1202.875431
148 93 1209.55196
149 93 1215.477047
134 94 1111.126062
135 94 1118.2288
136 94 1126.374776
137 94 1133.43544
138 94 1141.278412
139 94 1148.147644
140 94 1155.8447
141 94 1162.621939
142 94 1170.064356
143 94 1176.618537
144 94 1183.84384
145 94 1190.24611
146 94 1197.182132
147 94 1203.326533
148 94 1210.116396
149 94 1216.120192
150 94 1222.72225
151 94 1228.505431
152 94 1234.993928
134 95 1108.402068
140 95 1154.12156
143 95 1175.448512
144 95 1182.731072
145 95 1189.316885
146 95 1196.318588
147 95 1202.643677
148 95 1209.465604
149 95 1215.674892
150 95 1222.29545
137 96 1129.801726
138 96 1137.993426
140 96 1153.04186
141 96 1160.073984
142 96 1167.815432
143 96 1174.658295
144 96 1182.171984
145 96 1188.84296
146 96 1196.037438
147 96 1202.457975
148 96 1209.544896
149 96 1215.849283
150 96 1222.72065
151 96 1228.791581
152 96 1235.502656
153 96 1241.28915
154 96 1247.756452
155 96 1253.34191
146 97 1194.555146
147 97 1201.186825
148 97 1208.37196
149 97 1214.917647
150 97 1221.841
152 97 1234.87808
153 97 1240.822951
154 97 1247.266502
139 98 1140.965233
142 98 1164.45266
144 98 1179.310112
146 98 1193.749856
147 98 1200.450461
148 98 1207.869908
149 98 1214.499465
150 98 1221.65645
151 98 1227.992494
152 98 1234.953312
153 98 1240.9865
154 98 1247.663438
155 98 1253.498495
156 98 1260.0791
148 99 1206.0548
152 99 1233.813912
153 99 1239.958026
154 99 1246.744598
155 99 1252.756295
156 99 1259.300076
146 100 1190.32362
148 100 1204.959712
149 100 1211.817736
150 100 1219.3135
151 100 1226.01002
152 100 1233.317776
153 100 1239.61591
154 100 1246.497968
155 100 1252.56264
156 100 1259.35768
157 100 1265.284458
150 101 1217.285
154 101 1245.024266
156 101 1258.142792
157 101 1264.318975
150 102 1215.8697
151 102 1222.793121
152 102 1230.38568
153 102 1236.947574
154 102 1244.148084
155 102 1250.496835
157 102 1263.795918
152 103 1228.191552
153 103 1234.91848
152 104 1226.585968
153 104 1233.400712
154 104 1240.910852
157 104 1261.307288
154 105 1238.495748
154 106 1236.754548
155 106 1243.66435
156 106 1251.22486
156 108 1246.5465
157 108 1253.510779
158 108 1261.127134
159 110 1262.774486
160 110 1270.604
